10865.01 -1076608.65 10765 9 0.00001
2119.25	200369.5846 -155541.54 6 0.00001
-93.02 -698.14 14 6 0.00001
-107.02	702.14 -14 6 0.00001
111021 2220120 11100100 7.77 0.00001
101006 -404036 404040 7.77 0.00001
-111021 2220120	-11100100 1.111 0.00001
-99995.74 -425995.4631 -453690 101 0.00001
-11111 0 0 101 0.00001
17.6 77.44 0 0.23 0.00001
-19.8 98.01 0 0.23 0.00001
11.1 41.07 50.653 0.23 0.00001
-3.9 5.07 -2.197 200 0.00001
0 12345	0 200 0.00001
-1.111 100 -111.1 1000 0.00001
1.333 1	1.333 1000 0.00001
0 0 0 1000 0.00001
-0.000001 1	-0.000001 1000 0.0000001
0 -2 0 3 0.0000001
-0.000001 1 -0.000001 1000 0.0001
0 -2 0 3 0.0001
-0.000001 1 -0.000001 1000 0.1
0 -2 0 3 0.1
-0.000001 1 -0.000001 1000 1
0 -2 0 3 1